route_id,trip_id,service_id,shape_id
1,1,1,1
1,10,1,2
5,100,1,8
5,101,1,8
5,102,1,8
5,103,1,8
5,104,1,7
5,105,1,8
5,106,1,7
5,107,1,8
5,108,1,8
5,109,1,7
1,11,3,1
5,110,1,7
5,111,1,8
5,112,1,8
5,113,1,7
5,114,1,8
5,115,1,7
5,116,1,7
5,117,1,8
5,118,1,7
5,119,1,7
1,12,1,2
5,120,1,8
5,121,1,8
5,122,1,9
5,123,1,7
5,124,1,7
5,125,1,7
5,126,1,9
5,127,1,7
6,128,1,10
6,129,3,11
1,13,3,1
6,130,2,12
6,131,1,10
6,132,3,12
6,133,3,13
6,134,2,13
6,135,1,13
6,136,2,10
6,137,1,13
6,138,2,12
6,139,2,11
1,14,1,1
6,140,3,10
6,141,2,11
6,142,2,13
6,143,1,12
6,144,1,13
6,145,1,12
6,146,3,11
6,147,1,13
6,148,2,11
6,149,3,12
1,15,2,1
6,150,3,13
6,151,2,10
6,152,3,13
6,153,1,13
6,154,3,12
6,155,2,12
6,156,2,12
6,157,3,10
6,158,2,13
6,159,1,12
1,16,3,1
6,160,1,13
6,161,1,12
6,162,1,10
6,163,2,13
6,164,2,11
6,165,3,13
6,166,3,10
6,167,1,10
6,168,3,11
6,169,3,11
1,17,1,2
6,170,2,13
6,171,1,13
6,172,1,11
6,173,2,11
6,174,3,10
6,175,3,11
6,176,2,13
6,177,2,10
6,178,1,10
6,179,1,11
1,18,2,1
6,180,1,10
6,181,2,11
6,182,2,11
6,183,3,12
6,184,1,12
6,185,3,11
6,186,1,11
6,187,2,13
6,188,2,10
6,189,1,10
1,19,2,1
6,190,1,10
6,191,1,11
6,192,1,10
6,193,2,12
6,194,2,11
6,195,1,12
6,196,3,13
6,197,1,12
6,198,2,10
6,199,1,13
1,2,2,1
1,20,3,1
6,200,1,10
6,201,1,11
6,202,1,12
6,203,2,13
6,204,3,13
6,205,1,12
6,206,1,13
6,207,1,11
6,208,1,12
6,209,1,12
1,21,1,2
6,210,1,11
6,211,1,11
7,212,3,14
7,213,1,15
7,214,2,15
7,215,3,15
7,216,1,15
7,217,3,14
7,218,2,14
7,219,2,15
1,22,2,1
7,220,3,14
7,221,3,15
7,222,2,15
7,223,2,15
7,224,2,14
7,225,3,15
7,226,1,15
7,227,2,14
7,228,2,15
7,229,3,15
1,23,1,2
7,230,2,15
7,231,3,14
7,232,1,15
7,233,1,15
7,234,2,14
7,235,1,16
7,236,1,16
7,237,3,14
7,238,3,15
7,239,2,15
1,24,3,1
7,240,2,15
7,241,2,14
7,242,1,15
7,243,2,14
7,244,1,14
7,245,2,14
7,246,1,15
7,247,2,15
7,248,3,15
7,249,2,15
1,25,2,1
7,250,1,15
7,251,1,15
7,252,1,14
7,253,3,16
7,254,3,15
7,255,1,14
7,256,2,16
7,257,2,14
7,258,1,16
7,259,2,15
1,26,1,2
7,260,3,15
7,261,2,15
7,262,3,14
7,263,1,15
7,264,3,15
7,265,1,14
7,266,2,14
7,267,3,14
7,268,1,17
7,269,2,15
1,27,2,1
7,270,3,14
7,271,1,15
7,272,1,14
7,273,2,14
7,274,1,15
7,275,2,14
7,276,1,14
7,277,2,15
7,278,3,14
7,279,1,14
1,28,2,1
7,280,3,15
7,281,2,14
7,282,1,15
7,283,1,15
7,284,2,14
7,285,3,15
7,286,1,14
7,287,3,15
7,288,3,14
7,289,1,16
1,29,3,1
7,290,1,14
7,291,1,16
7,292,1,17
7,293,1,17
7,294,1,17
7,295,1,18
7,296,1,19
7,297,1,14
7,298,3,14
7,299,1,18
1,3,1,1
1,30,2,1
7,300,1,17
7,301,1,18
7,302,1,18
7,303,1,16
7,304,1,16
7,305,1,17
8,306,3,20
8,307,3,20
8,308,2,20
8,309,1,20
1,31,3,1
8,310,1,20
8,311,3,20
8,312,3,20
8,313,3,20
8,314,2,20
8,315,2,20
8,316,1,20
8,317,1,20
8,318,2,20
8,319,3,20
2,32,1,3
8,320,3,20
8,321,2,20
8,322,2,20
8,323,2,20
8,324,1,20
8,325,1,20
8,326,2,20
8,327,2,20
8,328,2,20
8,329,1,20
2,33,1,3
8,330,1,20
8,331,2,20
8,332,3,20
8,333,1,20
8,334,3,20
8,335,1,20
8,336,1,20
8,337,1,20
8,338,2,20
8,339,1,20
2,34,1,3
8,340,3,20
8,341,1,20
9,342,1,21
9,343,1,22
9,344,1,22
9,345,1,22
9,346,1,22
9,347,1,21
9,348,1,21
9,349,1,21
2,35,1,3
9,350,1,21
9,351,1,21
9,352,1,22
9,353,1,22
10,354,1,23
10,355,1,23
10,356,3,24
10,357,1,23
10,358,1,23
10,359,2,24
2,36,1,3
10,360,1,23
10,361,2,23
10,362,1,24
10,363,3,23
10,364,3,23
10,365,1,23
10,366,2,23
10,367,2,24
10,368,1,24
10,369,1,23
2,37,1,3
10,370,1,24
10,371,3,23
10,372,3,24
10,373,1,24
10,374,1,23
10,375,3,23
10,376,1,23
10,377,1,24
10,378,1,23
10,379,2,23
2,38,1,3
10,380,1,24
10,381,1,24
10,382,2,24
10,383,1,24
10,384,1,23
10,385,1,24
10,386,1,23
10,387,2,23
10,388,2,24
10,389,2,23
2,39,1,3
10,390,2,23
10,391,1,24
10,392,3,24
10,393,1,23
10,394,2,23
10,395,1,23
10,396,1,23
10,397,3,24
10,398,1,23
10,399,1,23
1,4,1,1
2,40,1,3
10,400,2,24
10,401,1,23
10,402,2,23
10,403,2,23
10,404,1,24
10,405,3,23
10,406,1,23
10,407,2,23
10,408,2,23
10,409,2,23
2,41,1,3
10,410,2,24
10,411,1,24
10,412,3,23
10,413,3,24
10,414,1,24
10,415,1,23
10,416,1,24
10,417,1,23
10,418,1,24
10,419,1,23
2,42,1,3
10,420,2,23
10,421,1,24
10,422,1,24
10,423,2,24
10,424,1,24
10,425,1,24
10,426,1,24
10,427,2,23
10,428,2,24
10,429,2,23
2,43,1,3
10,430,1,24
10,431,3,24
10,432,2,23
10,433,1,23
10,434,1,23
10,435,3,24
10,436,1,23
10,437,2,24
10,438,1,23
10,439,1,24
2,44,1,3
10,440,3,23
10,441,1,23
10,442,2,23
10,443,2,24
10,444,3,23
10,445,1,25
10,446,3,23
10,447,3,24
10,448,1,24
10,449,1,23
2,45,1,3
10,450,1,23
10,451,1,23
10,452,1,24
10,453,1,23
10,454,1,24
10,455,1,23
10,456,2,24
10,457,1,24
10,458,2,24
10,459,1,23
2,46,1,3
10,460,1,24
10,461,2,23
10,462,1,24
10,463,1,24
10,464,3,24
10,465,3,23
10,466,1,23
10,467,3,24
10,468,1,23
10,469,1,23
2,47,1,3
10,470,1,24
10,471,2,23
10,472,1,24
10,473,1,24
10,474,1,24
10,475,2,24
10,476,1,23
10,477,3,23
10,478,3,24
10,479,1,23
2,48,1,3
10,480,1,23
10,481,2,23
10,482,1,23
10,483,1,24
10,484,1,23
10,485,1,24
10,486,1,23
10,487,2,24
10,488,2,24
10,489,1,24
2,49,1,3
10,490,1,24
10,491,1,24
10,492,2,23
10,493,3,24
10,494,1,24
10,495,3,23
10,496,3,23
10,497,1,23
10,498,1,23
10,499,3,24
1,5,2,1
2,50,1,3
10,500,1,23
10,501,2,23
10,502,1,24
10,503,2,23
10,504,2,24
10,505,1,24
10,506,2,24
10,507,3,23
10,508,1,23
10,509,1,23
3,51,1,4
10,510,2,23
10,511,1,23
10,512,1,24
10,513,2,24
10,514,1,24
10,515,2,24
10,516,2,24
10,517,2,23
10,518,3,24
10,519,3,23
3,52,1,4
10,520,3,23
10,521,1,23
10,522,1,24
10,523,2,23
10,524,1,24
10,525,2,23
10,526,1,23
10,527,2,23
10,528,2,24
10,529,1,24
3,53,1,4
10,530,1,24
10,531,2,24
10,532,3,24
10,533,1,23
10,534,3,23
10,535,1,24
10,536,2,23
10,537,1,23
10,538,1,24
10,539,2,24
3,54,1,4
10,540,1,24
10,541,3,23
10,542,2,24
10,543,3,24
10,544,3,24
10,545,2,24
10,546,2,23
10,547,3,23
10,548,2,23
10,549,1,24
3,55,1,4
10,550,2,24
10,551,1,24
10,552,3,24
10,553,1,23
10,554,3,23
10,555,3,24
10,556,2,24
10,557,1,24
10,558,2,24
10,559,3,24
3,56,1,4
10,560,3,24
10,561,2,24
10,562,2,23
10,563,3,23
10,564,2,23
10,565,1,24
10,566,2,24
10,567,3,23
10,568,3,24
10,569,3,23
3,57,1,4
10,570,3,24
10,571,2,24
10,572,1,23
10,573,2,24
10,574,3,24
10,575,1,23
10,576,3,23
11,577,1,26
11,578,1,27
11,579,1,27
3,58,1,4
11,580,1,26
11,581,1,26
11,582,1,27
11,583,1,26
11,584,1,28
12,585,2,29
12,586,1,30
12,587,3,31
12,588,3,31
12,589,2,29
3,59,1,4
12,590,1,32
12,591,3,31
12,592,3,29
12,593,2,31
12,594,3,31
12,595,3,31
12,596,2,29
12,597,2,29
12,598,3,29
12,599,2,31
1,6,1,2
3,60,1,4
12,600,1,32
12,601,3,31
12,602,2,31
12,603,1,32
12,604,1,32
12,605,2,29
12,606,3,29
12,607,3,31
12,608,2,31
12,609,1,32
3,61,1,4
12,610,3,31
12,611,2,29
12,612,2,29
12,613,2,31
12,614,1,32
12,615,2,29
12,616,1,32
12,617,2,31
12,618,1,32
12,619,2,29
3,62,1,4
12,620,3,31
12,621,2,29
12,622,2,29
12,623,3,29
12,624,3,31
12,625,2,29
12,626,1,30
12,627,1,32
12,628,2,31
12,629,1,32
3,63,1,4
12,630,3,29
12,631,1,30
12,632,2,29
12,633,3,31
12,634,1,32
12,635,2,31
12,636,2,31
12,637,3,29
12,638,1,32
12,639,3,29
3,64,1,4
12,640,2,29
12,641,3,31
12,642,1,32
12,643,3,29
12,644,3,29
12,645,3,31
12,646,3,29
12,647,3,31
12,648,3,29
12,649,2,31
3,65,1,4
12,650,3,31
12,651,3,29
12,652,1,32
12,653,3,29
12,654,2,31
12,655,3,29
12,656,3,29
12,657,1,30
12,658,1,32
12,659,1,32
4,66,1,5
12,660,1,30
12,661,1,30
12,662,1,30
12,663,1,30
12,664,1,32
12,665,1,30
12,666,1,30
12,667,1,30
12,668,1,30
12,669,1,30
4,67,1,5
12,670,1,30
12,671,1,30
12,672,1,30
12,673,1,32
12,674,1,30
12,675,1,32
12,676,1,30
12,677,1,32
12,678,1,32
12,679,3,29
4,68,1,6
12,680,2,31
12,681,2,31
12,682,2,31
12,683,3,31
12,684,1,30
12,685,1,30
4,69,1,6
1,7,1,2
4,70,1,6
4,71,1,5
4,72,1,5
4,73,1,6
4,74,1,6
4,75,1,5
4,76,1,6
4,77,1,6
4,78,1,6
4,79,1,5
1,8,3,1
4,80,1,6
4,81,1,5
4,82,1,5
4,83,1,6
4,84,1,5
4,85,1,6
4,86,1,5
4,87,1,5
5,88,1,7
5,89,1,8
1,9,1,1
5,90,1,7
5,91,1,8
5,92,1,7
5,93,1,8
5,94,1,8
5,95,1,7
5,96,1,8
5,97,1,7
5,98,1,8
5,99,1,8
