route_id,trip_id,service_id,trip_headsign,block_id,shape_id
2,1,1,Outbound,6601,33
2,10,1,Outbound,6605,33
8,100,1,Outbound,4405,9
13,1000,1,Inbound,4401,63
13,1001,1,Inbound,4403,63
13,1002,2,Inbound,4404,22
13,1003,2,Inbound,4401,22
13,1004,2,Inbound,4403,22
8,101,1,Outbound,4406,9
13,1012,2,Inbound,6201,22
13,1013,2,Inbound,6203,22
13,1014,2,Inbound,4404,22
14,1015,1,Outbound,6604,55
14,1016,1,Outbound,4407,55
14,1017,1,Outbound,6201,55
14,1018,1,Outbound,6202,55
14,1019,1,Outbound,6203,55
8,102,1,Outbound,4407,9
14,1020,1,Outbound,6204,55
14,1021,1,Outbound,4401,55
14,1022,1,Outbound,4402,55
14,1023,1,Outbound,4403,55
14,1024,1,Outbound,4404,55
14,1025,1,Outbound,4405,55
14,1026,1,Outbound,4406,55
14,1027,1,Outbound,4407,55
14,1028,1,Outbound,6201,55
14,1029,1,Outbound,6202,55
8,103,1,Outbound,6201,9
14,1030,1,Outbound,6203,55
14,1031,1,Inbound,4401,70
14,1032,1,Inbound,4403,70
14,1033,1,Inbound,4405,70
14,1034,1,Inbound,4401,70
14,1035,1,Inbound,4402,70
14,1036,1,Inbound,4406,70
14,1037,1,Inbound,6204,70
14,1038,1,Inbound,4402,70
14,1039,1,Inbound,4404,70
8,104,1,Outbound,6202,9
14,1040,1,Inbound,4407,70
14,1041,1,Inbound,6201,70
14,1042,2,Outbound,6403,49
14,1043,2,Inbound,4405,75
14,1044,2,Inbound,4402,75
14,1045,2,Inbound,4404,75
8,105,1,Outbound,6203,9
14,1052,2,Inbound,4404,75
14,1053,2,Inbound,6202,75
14,1054,2,Inbound,6204,75
14,1055,2,Inbound,6001,75
14,1056,3,Outbound,4403,49
14,1057,3,Inbound,4404,75
14,1058,3,Inbound,4401,75
14,1059,3,Inbound,4402,75
8,106,1,Outbound,6204,9
14,1060,3,Inbound,4403,75
14,1061,3,Inbound,4404,75
14,1062,3,Inbound,4401,75
14,1063,3,Inbound,4402,75
14,1064,3,Inbound,4403,75
14,1065,3,Inbound,4404,75
14,1066,3,Inbound,4401,75
14,1067,3,Inbound,4402,75
14,1068,3,Inbound,4403,75
15,1069,1,Outbound,6401,54
8,107,1,Outbound,4401,9
15,1070,1,Outbound,6402,54
15,1071,1,Outbound,6401,54
15,1072,1,Outbound,6402,54
15,1073,1,Outbound,6401,54
15,1074,1,Outbound,6402,54
15,1075,1,Outbound,6401,54
15,1076,1,Outbound,6402,54
15,1077,1,Outbound,6401,54
15,1078,1,Outbound,6402,54
15,1079,1,Outbound,6401,54
8,108,1,Outbound,4402,9
15,1080,1,Outbound,6402,54
15,1081,1,Outbound,6401,54
15,1082,1,Outbound,6402,59
15,1083,1,Outbound,6421,59
15,1084,1,Outbound,6411,54
15,1085,1,Outbound,6412,54
15,1086,1,Outbound,6422,54
15,1087,1,Outbound,6421,54
15,1088,1,Outbound,6422,54
15,1089,2,Outbound,6402,54
8,109,1,Outbound,4403,9
15,1090,2,Outbound,6403,54
15,1091,2,Outbound,6401,54
15,1092,2,Outbound,6402,54
15,1093,2,Outbound,6403,54
15,1094,2,Outbound,6401,54
15,1095,2,Outbound,6402,54
15,1096,2,Outbound,6403,54
15,1097,2,Outbound,6401,54
15,1098,2,Outbound,6402,54
15,1099,2,Outbound,6403,54
2,11,1,Outbound,6601,33
8,110,1,Outbound,4404,9
15,1100,2,Outbound,6401,54
16,1101,1,Inbound,6602,19
16,1102,1,Inbound,6603,19
16,1103,1,Inbound,6604,19
16,1104,1,Inbound,6605,19
16,1105,1,Inbound,6601,19
16,1106,1,Inbound,6602,19
16,1107,1,Inbound,6603,19
16,1108,1,Inbound,6604,19
16,1109,1,Inbound,6605,19
8,111,1,Outbound,4405,9
16,1110,1,Inbound,6601,19
16,1111,1,Inbound,6602,19
16,1112,1,Inbound,6603,19
16,1113,1,Inbound,6604,19
16,1114,1,Inbound,6605,19
16,1115,1,Inbound,6601,19
16,1116,1,Inbound,6602,19
16,1117,1,Inbound,6603,19
16,1118,1,Inbound,6604,19
16,1119,1,Inbound,6605,19
8,112,1,Outbound,4406,9
16,1120,1,Inbound,6601,19
16,1121,1,Inbound,6602,19
16,1122,1,Inbound,6603,19
16,1123,1,Inbound,6604,19
16,1124,1,Inbound,6605,19
16,1125,1,Inbound,6601,19
16,1126,1,Inbound,6602,19
16,1127,1,Inbound,6603,19
16,1128,1,Inbound,6604,19
16,1129,1,Inbound,6605,19
8,113,1,Outbound,4407,9
16,1130,1,Inbound,6601,19
16,1131,1,Inbound,6602,6
16,1132,1,Inbound,6601,6
16,1133,1,Inbound,6601,62
16,1134,2,Inbound,6601,19
16,1135,2,Inbound,6602,19
16,1136,2,Inbound,6603,19
16,1137,2,Inbound,6604,19
16,1138,2,Inbound,6605,19
16,1139,2,Inbound,6601,19
8,114,1,Outbound,6201,9
16,1140,2,Inbound,6602,19
16,1141,2,Inbound,6603,19
16,1142,2,Inbound,6604,19
16,1143,2,Inbound,6605,19
16,1144,2,Inbound,6601,19
16,1145,2,Inbound,6602,19
16,1146,2,Inbound,6603,19
16,1147,2,Inbound,6604,19
16,1148,2,Inbound,6605,19
16,1149,2,Inbound,6601,19
8,115,1,Outbound,6202,9
16,1150,2,Inbound,6602,19
16,1151,2,Inbound,6603,19
16,1152,2,Inbound,6604,19
16,1153,2,Inbound,6605,19
16,1154,2,Inbound,6601,19
16,1155,2,Inbound,6602,19
16,1156,2,Inbound,6603,19
16,1157,2,Inbound,6604,19
16,1158,2,Inbound,6605,19
16,1159,2,Inbound,6601,6
8,116,1,Outbound,6203,9
16,1160,2,Inbound,6603,6
16,1161,2,Inbound,6603,62
16,1162,3,Outbound,6604,15
16,1163,3,Outbound,6601,15
16,1164,3,Inbound,6601,19
16,1165,3,Inbound,6602,19
16,1166,3,Inbound,6603,19
16,1167,3,Inbound,6604,19
16,1168,3,Inbound,6601,19
16,1169,3,Inbound,6602,19
8,117,1,Outbound,6204,9
16,1170,3,Inbound,6603,19
16,1171,3,Inbound,6604,19
16,1172,3,Inbound,6601,19
16,1173,3,Inbound,6602,19
16,1174,3,Inbound,6603,19
16,1175,3,Inbound,6604,19
16,1176,3,Inbound,6601,19
16,1177,3,Inbound,6602,19
16,1178,3,Inbound,6603,19
16,1179,3,Inbound,6604,19
8,118,1,Outbound,4401,9
16,1180,3,Inbound,6601,19
16,1181,3,Inbound,6602,19
16,1182,3,Inbound,6603,19
16,1183,3,Inbound,6604,19
16,1184,3,Inbound,6601,19
16,1185,3,Inbound,6602,19
16,1186,3,Inbound,6603,19
16,1187,3,Inbound,6604,19
18,1188,1,Outbound,6802,16
18,1189,1,Outbound,6803,16
8,119,1,Outbound,4402,9
18,1190,1,Outbound,6801,16
18,1191,1,Outbound,6802,16
18,1192,1,Outbound,6803,16
18,1193,1,Outbound,6801,16
18,1194,1,Outbound,6802,16
18,1195,1,Outbound,6803,16
18,1196,1,Outbound,6801,16
18,1197,1,Outbound,6802,16
18,1198,1,Outbound,6803,16
18,1199,1,Outbound,6801,16
2,12,1,Outbound,6602,33
8,120,1,Outbound,4403,9
18,1200,1,Outbound,6802,16
18,1201,1,Outbound,6804,16
18,1202,1,Outbound,6811,16
18,1203,1,Outbound,6821,16
18,1204,1,Outbound,6804,16
18,1205,1,Outbound,6822,16
18,1206,1,Outbound,6801,74
18,1207,1,Outbound,6812,74
18,1208,1,Inbound,6801,28
18,1209,1,Inbound,6802,28
8,121,1,Outbound,4404,9
18,1210,1,Inbound,6803,28
18,1211,1,Inbound,6801,28
18,1212,1,Inbound,6802,28
18,1213,1,Inbound,6803,28
18,1214,1,Inbound,6801,28
18,1215,1,Inbound,6802,28
18,1216,1,Inbound,6803,28
18,1217,1,Inbound,6801,28
18,1218,1,Inbound,6802,28
18,1219,1,Inbound,6803,28
8,122,1,Outbound,6204,9
18,1220,1,Inbound,6801,28
18,1221,1,Inbound,6811,28
18,1222,1,Inbound,6812,28
18,1223,1,Inbound,6822,28
18,1224,1,Inbound,6821,28
18,1225,1,Inbound,6804,28
18,1226,1,Inbound,6803,64
18,1227,1,Inbound,6821,64
18,1228,2,Outbound,6801,16
18,1229,2,Outbound,6802,16
8,123,1,Outbound,4401,9
18,1230,2,Outbound,6801,16
18,1231,2,Outbound,6802,16
18,1232,2,Outbound,6801,16
18,1233,2,Outbound,6802,16
18,1234,2,Outbound,6801,16
18,1235,2,Outbound,6802,16
18,1236,2,Outbound,6801,16
18,1237,2,Outbound,6802,16
18,1238,2,Outbound,6801,16
18,1239,2,Inbound,6802,28
8,124,1,Outbound,4403,9
18,1240,2,Inbound,6801,28
18,1241,2,Inbound,6802,28
18,1242,2,Inbound,6801,28
18,1243,2,Inbound,6802,28
18,1244,2,Inbound,6801,28
18,1245,2,Inbound,6802,28
18,1246,2,Inbound,6801,28
18,1247,2,Inbound,6802,28
18,1248,2,Inbound,6801,28
18,1249,2,Inbound,6802,28
8,125,1,Inbound,4403,34
23,1250,3,Inbound,9901,27
35,1251,2,Outbound,1012,20
35,1252,2,Outbound,1011,20
35,1253,2,Outbound,1012,20
35,1254,2,Outbound,1011,20
35,1255,2,Outbound,1012,20
35,1256,2,Outbound,1011,20
35,1257,2,Outbound,1012,20
35,1258,2,Outbound,1011,20
35,1259,2,Outbound,1012,20
8,126,1,Inbound,4404,34
35,1260,2,Outbound,1011,20
35,1261,2,Outbound,1012,20
35,1262,2,Outbound,1011,20
35,1263,2,Outbound,1012,20
35,1264,2,Outbound,1011,20
35,1265,2,Outbound,1012,20
35,1266,2,Outbound,1011,20
35,1267,2,Outbound,1012,20
35,1268,2,Outbound,1011,20
35,1269,2,Outbound,1012,20
8,127,1,Inbound,4405,34
35,1270,2,Outbound,1011,20
35,1271,2,Outbound,1012,20
35,1272,2,Outbound,1011,20
35,1273,2,Outbound,1012,20
35,1274,2,Outbound,1011,20
35,1275,2,Outbound,1012,20
35,1276,2,Outbound,1011,20
35,1277,2,Outbound,1012,20
35,1278,2,Outbound,1011,20
35,1279,2,Outbound,1012,20
8,128,1,Inbound,4401,34
35,1280,2,Outbound,1011,20
35,1281,2,Outbound,1012,20
35,1282,2,Outbound,1011,20
35,1283,2,Outbound,1012,20
35,1284,2,Outbound,1011,20
35,1285,2,Outbound,1012,20
35,1286,2,Outbound,1011,20
35,1287,2,Outbound,1012,20
35,1288,2,Outbound,1011,20
35,1289,2,Outbound,1012,20
8,129,1,Inbound,4402,34
35,1290,2,Outbound,1011,20
35,1291,2,Outbound,1012,20
35,1292,2,Outbound,1011,20
35,1293,2,Outbound,1012,20
35,1294,2,Outbound,1011,20
35,1295,2,Outbound,1012,20
35,1296,2,Outbound,1011,20
35,1297,2,Outbound,1012,20
35,1298,2,Outbound,1011,20
35,1299,2,Inbound,1011,77
2,13,1,Outbound,6603,33
8,130,1,Inbound,4403,34
35,1300,2,Inbound,1012,77
35,1301,2,Inbound,1011,77
35,1302,2,Inbound,1012,77
35,1303,2,Inbound,1011,77
35,1304,2,Inbound,1012,77
35,1305,2,Inbound,1011,77
35,1306,2,Inbound,1012,77
35,1307,2,Inbound,1011,77
35,1308,2,Inbound,1012,77
35,1309,2,Inbound,1011,77
8,131,1,Inbound,4404,34
35,1310,2,Inbound,1012,77
35,1311,2,Inbound,1011,77
35,1312,2,Inbound,1012,77
35,1313,2,Inbound,1011,77
35,1314,2,Inbound,1012,77
35,1315,2,Inbound,1011,77
35,1316,2,Inbound,1012,77
35,1317,2,Inbound,1011,77
35,1318,2,Inbound,1012,77
35,1319,2,Inbound,1011,77
8,132,1,Inbound,4405,34
35,1320,2,Inbound,1012,77
35,1321,2,Inbound,1011,77
35,1322,2,Inbound,1012,77
35,1323,2,Inbound,1011,77
35,1324,2,Inbound,1012,77
35,1325,2,Inbound,1011,77
35,1326,2,Inbound,1012,77
35,1327,2,Inbound,1011,77
35,1328,2,Inbound,1012,77
35,1329,2,Inbound,1011,77
8,133,1,Inbound,4406,34
35,1330,2,Inbound,1012,77
35,1331,2,Inbound,1011,77
35,1332,2,Inbound,1012,77
35,1333,2,Inbound,1011,77
35,1334,2,Inbound,1012,77
35,1335,2,Inbound,1011,77
35,1336,2,Inbound,1012,77
35,1337,2,Inbound,1011,77
35,1338,2,Inbound,1012,77
35,1339,2,Inbound,1011,77
8,134,1,Inbound,4407,34
35,1340,2,Inbound,1012,77
35,1341,2,Inbound,1011,77
35,1342,2,Inbound,1012,77
35,1343,2,Inbound,1011,77
35,1344,2,Inbound,1012,77
35,1345,2,Inbound,1011,77
35,1346,2,Inbound,1012,77
8,135,1,Inbound,6201,34
23,1356,2,Inbound,9902,27
23,1357,2,Inbound,9902,27
23,1358,2,Inbound,9902,27
23,1359,2,Inbound,9902,27
8,136,1,Inbound,6202,34
37,1360,1,Outbound,9902,86
37,1361,1,Outbound,9912,86
37,1362,1,Outbound,9913,39
37,1363,1,Outbound,9901,39
37,1364,1,Outbound,9902,39
37,1365,1,Outbound,9901,39
37,1366,1,Outbound,9902,39
21,1367,1,Outbound,9901,30
21,1368,1,Outbound,9902,30
21,1369,1,Outbound,9901,30
8,137,1,Inbound,6203,34
21,1370,1,Outbound,9921,30
21,1371,1,Outbound,9922,30
21,1372,1,Outbound,9902,30
21,1373,1,Outbound,9923,30
21,1374,1,Outbound,9921,30
38,1375,1,Outbound,9924,31
21,1376,1,Inbound,9902,32
21,1377,1,Inbound,9912,32
21,1378,1,Inbound,9913,32
21,1379,1,Inbound,9901,32
8,138,1,Inbound,6204,34
21,1380,1,Inbound,9902,32
21,1381,1,Inbound,9901,32
21,1382,1,Inbound,9902,32
37,1383,1,Inbound,9901,36
37,1384,1,Inbound,9902,36
37,1385,1,Inbound,9901,36
37,1386,1,Inbound,9921,36
37,1387,1,Inbound,9922,36
37,1388,1,Inbound,9921,36
37,1389,1,Inbound,9902,51
8,139,1,Inbound,4401,34
37,1390,1,Inbound,9923,51
38,1391,1,Inbound,9914,50
1,1392,1,Outbound,1202,35
1,1393,1,Outbound,1201,35
1,1394,1,Outbound,1202,35
1,1395,1,Outbound,1201,35
1,1396,1,Outbound,1202,35
1,1397,1,Outbound,1201,35
1,1398,1,Outbound,1202,35
1,1399,1,Outbound,1201,35
2,14,1,Outbound,6604,33
8,140,1,Inbound,4402,34
1,1400,1,Outbound,1202,35
1,1401,1,Outbound,1201,35
1,1402,1,Outbound,1202,35
1,1403,1,Outbound,1201,35
1,1404,1,Outbound,1211,35
1,1405,1,Outbound,1212,35
1,1406,1,Outbound,1211,35
1,1407,1,Outbound,1221,35
1,1408,1,Outbound,1222,35
1,1409,1,Outbound,1221,35
8,141,1,Inbound,4403,34
1,1410,1,Outbound,1202,35
1,1411,1,Outbound,1201,35
1,1412,1,Inbound,1212,73
1,1413,1,Inbound,1201,73
1,1414,1,Inbound,1211,73
1,1415,1,Inbound,1202,73
1,1416,1,Inbound,1212,73
1,1417,1,Inbound,1201,73
1,1418,1,Inbound,1211,73
1,1419,1,Inbound,1202,73
8,142,1,Inbound,4404,34
1,1420,1,Inbound,1201,73
1,1421,1,Inbound,1202,73
1,1422,1,Inbound,1201,73
1,1423,1,Inbound,1202,73
1,1424,1,Inbound,1201,73
1,1425,1,Inbound,1202,73
1,1426,1,Inbound,1221,73
1,1427,1,Inbound,1201,73
1,1428,1,Inbound,1222,73
1,1429,1,Inbound,1202,73
8,143,1,Inbound,4405,34
1,1430,1,Inbound,1221,73
1,1431,1,Inbound,1201,73
1,1432,1,Inbound,1202,85
1,1433,1,Inbound,6604,85
1,1434,1,Inbound,6604,85
1,1435,1,Inbound,6604,85
1,1436,2,Inbound,1201,52
1,1437,2,Inbound,1202,52
1,1438,2,Inbound,1201,52
1,1439,2,Inbound,1202,52
8,144,1,Inbound,4406,34
1,1440,2,Inbound,1201,52
1,1441,2,Inbound,1202,52
1,1442,2,Inbound,1201,52
1,1443,2,Inbound,1202,52
1,1444,2,Inbound,1201,52
1,1445,2,Inbound,1202,52
1,1446,2,Inbound,1201,52
1,1447,2,Inbound,1202,52
1,1448,2,Inbound,6403,52
1,1449,2,Inbound,6403,52
8,145,1,Inbound,4407,34
1,1450,2,Inbound,6403,52
1,1451,3,Inbound,1201,52
1,1452,3,Inbound,1201,52
1,1453,3,Inbound,1201,52
1,1454,3,Inbound,1201,52
1,1455,3,Inbound,1201,52
1,1456,3,Inbound,1201,52
1,1457,3,Inbound,1201,52
1,1458,3,Inbound,1201,52
1,1459,3,Inbound,1201,52
8,146,1,Inbound,6201,34
1,1460,3,Inbound,1201,52
1,1461,3,Inbound,1201,52
1,1462,3,Inbound,1201,52
2,1463,1,Outbound,4101,33
2,1464,1,Outbound,4102,33
2,1465,1,Outbound,4103,33
2,1466,1,Outbound,4104,33
2,1467,1,Outbound,4101,33
2,1468,1,Outbound,4102,33
2,1469,1,Outbound,4103,33
8,147,1,Inbound,6202,34
2,1470,1,Outbound,4104,33
2,1471,1,Outbound,4101,33
2,1472,1,Outbound,4102,33
2,1473,1,Outbound,4103,33
2,1474,1,Outbound,4104,33
2,1475,1,Outbound,4101,33
2,1476,1,Outbound,4102,33
2,1477,1,Outbound,4103,33
2,1478,1,Outbound,4104,33
2,1479,1,Outbound,4101,33
8,148,1,Inbound,6203,34
2,1480,1,Outbound,4102,33
2,1481,1,Outbound,4103,33
2,1482,1,Outbound,4104,33
2,1483,1,Outbound,4101,33
2,1484,1,Outbound,4102,33
2,1485,1,Outbound,4103,33
2,1486,1,Inbound,6605,42
2,1487,1,Inbound,6601,42
2,1488,1,Inbound,4101,42
2,1489,1,Inbound,6602,42
8,149,1,Inbound,6204,34
2,1490,1,Inbound,4102,42
2,1491,1,Inbound,6603,42
2,1492,1,Inbound,4103,42
2,1493,1,Inbound,6604,42
2,1494,1,Inbound,4104,42
2,1495,1,Inbound,6605,42
2,1496,1,Inbound,4101,42
2,1497,1,Inbound,6601,42
2,1498,1,Inbound,4102,42
2,1499,1,Inbound,6602,42
2,15,1,Outbound,6605,33
8,150,1,Inbound,4401,34
2,1500,1,Inbound,4103,42
2,1501,1,Inbound,6603,42
2,1502,1,Inbound,4104,42
2,1503,1,Inbound,6604,42
2,1504,1,Inbound,4101,42
2,1505,1,Inbound,6605,42
2,1506,1,Inbound,4102,42
2,1507,1,Inbound,6601,42
2,1508,1,Inbound,4103,42
2,1509,1,Inbound,6602,42
8,151,1,Inbound,4402,34
2,1510,1,Inbound,4104,42
2,1511,1,Inbound,6603,42
2,1512,1,Inbound,4101,42
2,1513,1,Inbound,6604,42
2,1514,1,Inbound,4102,42
2,1515,1,Inbound,6605,42
2,1516,1,Inbound,4103,42
2,1517,1,Inbound,6601,42
2,1518,1,Inbound,4104,42
2,1519,1,Inbound,6602,42
8,152,1,Inbound,4403,34
2,1520,1,Inbound,4101,42
2,1521,1,Inbound,6603,42
2,1522,1,Inbound,4102,42
2,1523,1,Inbound,6604,42
2,1524,1,Inbound,4103,42
2,1525,1,Inbound,6605,42
2,1526,1,Inbound,4104,42
2,1527,1,Inbound,6601,42
2,1528,1,Inbound,4101,42
2,1529,1,Inbound,6602,42
8,153,1,Inbound,4404,34
2,1530,1,Inbound,4102,42
2,1531,1,Inbound,6603,42
2,1532,1,Inbound,4103,42
2,1533,1,Inbound,6604,42
2,1534,1,Inbound,6605,42
2,1535,1,Inbound,6601,42
2,1536,1,Inbound,6602,42
2,1537,1,Inbound,6603,42
2,1538,2,Inbound,6403,42
2,1539,2,Inbound,6401,42
8,154,1,Inbound,6204,34
2,1540,2,Inbound,6402,42
2,1541,2,Inbound,6403,42
2,1542,2,Inbound,6401,42
2,1543,2,Inbound,6402,42
2,1544,2,Inbound,6403,42
2,1545,2,Inbound,6401,42
2,1546,2,Inbound,6402,42
2,1547,2,Inbound,6403,42
2,1548,2,Inbound,6401,42
2,1549,2,Inbound,6402,42
8,155,1,Inbound,4401,34
2,1550,3,Inbound,6403,42
2,1551,3,Inbound,6401,42
2,1552,3,Inbound,6402,42
2,1553,3,Inbound,6403,42
2,1554,3,Inbound,6401,42
2,1555,3,Inbound,6402,42
2,1556,3,Inbound,6403,42
2,1557,3,Inbound,6401,42
2,1558,3,Inbound,6402,42
2,1559,3,Inbound,6403,42
8,156,1,Inbound,4403,34
2,1560,3,Inbound,6401,42
2,1561,3,Inbound,6402,42
5,1562,3,Outbound,6003,1
5,1563,3,Outbound,6001,1
5,1564,3,Outbound,6002,1
5,1565,3,Outbound,6003,1
5,1566,3,Outbound,6001,1
5,1567,3,Outbound,6002,1
5,1568,3,Outbound,6003,1
5,1569,3,Outbound,6001,1
11,157,1,Inbound,9405,3
5,1570,3,Outbound,6002,1
5,1571,3,Outbound,6003,1
5,1572,3,Outbound,6001,1
5,1573,3,Outbound,6002,1
5,1574,3,Inbound,6003,23
5,1575,3,Inbound,6001,23
5,1576,3,Inbound,6002,23
5,1577,3,Inbound,6003,23
5,1578,3,Inbound,6001,23
5,1579,3,Inbound,6002,23
11,158,1,Inbound,9401,3
5,1580,3,Inbound,6003,23
5,1581,3,Inbound,6001,23
5,1582,3,Inbound,6002,23
5,1583,3,Inbound,6003,23
5,1584,3,Inbound,6001,23
5,1585,3,Inbound,6002,23
7,1586,1,Outbound,4102,4
7,1587,1,Outbound,4102,4
7,1588,1,Outbound,4102,4
7,1589,1,Outbound,4111,4
11,159,1,Inbound,9405,3
7,1590,1,Outbound,4121,4
7,1591,1,Outbound,4122,4
7,1592,1,Outbound,4121,4
7,1593,1,Outbound,4122,4
7,1594,1,Inbound,4102,0
7,1595,1,Inbound,4102,0
7,1596,1,Inbound,4102,0
7,1597,1,Inbound,4111,0
7,1598,1,Inbound,4121,0
7,1599,1,Inbound,4122,0
2,16,1,Outbound,6601,33
11,160,1,Inbound,9402,3
7,1600,1,Inbound,4121,0
7,1601,1,Inbound,4122,0
7,1602,1,Inbound,4121,0
7,1603,1,Inbound,4122,0
7,1604,2,Outbound,4102,4
7,1605,2,Outbound,4102,4
7,1606,2,Outbound,4102,4
7,1607,2,Inbound,4102,0
7,1608,2,Inbound,4102,0
7,1609,2,Inbound,4102,0
11,161,1,Inbound,9405,3
28,1610,1,Outbound,4201,13
28,1611,1,Outbound,4201,13
28,1612,1,Outbound,4201,13
28,1613,1,Outbound,4201,13
28,1614,1,Outbound,4211,13
28,1615,1,Outbound,4211,13
28,1616,1,Outbound,4211,13
28,1617,1,Outbound,4211,13
28,1618,1,Outbound,4221,13
28,1619,1,Outbound,4221,13
11,162,1,Inbound,9403,3
28,1620,1,Outbound,4221,13
28,1621,1,Outbound,4221,13
28,1622,1,Outbound,4221,13
28,1623,1,Outbound,4221,13
28,1624,1,Outbound,4221,13
28,1625,1,Inbound,4201,14
28,1626,1,Inbound,4201,14
28,1627,1,Inbound,4201,14
28,1628,1,Inbound,4201,14
28,1629,1,Inbound,4211,14
11,163,1,Inbound,9404,3
28,1630,1,Inbound,4211,14
28,1631,1,Inbound,4211,14
28,1632,1,Inbound,4211,14
28,1633,1,Inbound,4221,14
28,1634,1,Inbound,4221,14
28,1635,1,Inbound,4221,14
28,1636,1,Inbound,4221,14
28,1637,1,Inbound,4221,14
28,1638,1,Inbound,4221,14
28,1639,1,Inbound,4221,14
11,164,1,Inbound,9405,3
8,1640,1,Outbound,4402,9
8,1641,1,Inbound,4402,34
8,1642,2,Outbound,6204,9
8,1643,2,Inbound,6204,34
5,1644,2,Outbound,6003,1
5,1645,2,Outbound,6001,1
5,1646,2,Outbound,6002,1
5,1647,2,Outbound,6003,1
5,1648,2,Outbound,6001,1
5,1649,2,Outbound,6002,1
11,165,1,Inbound,9401,3
5,1650,2,Outbound,6003,1
5,1651,2,Outbound,6001,1
5,1652,2,Outbound,6002,1
5,1653,2,Outbound,6003,1
5,1654,2,Outbound,6001,1
5,1655,2,Outbound,6002,1
5,1656,2,Inbound,6003,23
5,1657,2,Inbound,6001,23
5,1658,2,Inbound,6002,23
5,1659,2,Inbound,6003,23
11,166,1,Inbound,9405,3
5,1660,2,Inbound,6001,23
5,1661,2,Inbound,6002,23
5,1662,2,Inbound,6003,23
5,1663,2,Inbound,6001,23
5,1664,2,Inbound,6002,23
5,1665,2,Inbound,6003,23
5,1666,2,Inbound,6001,23
5,1667,2,Inbound,6002,23
5,1668,1,Outbound,6011,1
5,1669,1,Outbound,6002,1
11,167,1,Inbound,9402,3
5,1670,1,Outbound,6012,1
5,1671,1,Outbound,6001,1
5,1672,1,Outbound,6011,1
5,1673,1,Outbound,6002,1
5,1674,1,Outbound,6001,1
5,1675,1,Outbound,6002,1
5,1676,1,Outbound,6001,1
5,1677,1,Outbound,6002,1
5,1678,1,Outbound,6001,1
5,1679,1,Outbound,6002,1
11,168,1,Inbound,9405,3
5,1680,1,Outbound,6001,1
5,1681,1,Outbound,6002,1
5,1682,1,Outbound,6001,1
5,1683,1,Outbound,6002,1
5,1684,1,Outbound,6001,1
5,1685,1,Outbound,6022,1
5,1686,1,Outbound,6021,1
5,1687,1,Outbound,6022,1
5,1688,1,Outbound,6021,1
5,1689,1,Inbound,6011,23
11,169,1,Inbound,9403,3
5,1690,1,Inbound,6002,23
5,1691,1,Inbound,6012,23
5,1692,1,Inbound,6001,23
5,1693,1,Inbound,6011,23
5,1694,1,Inbound,6002,23
5,1695,1,Inbound,6001,23
5,1696,1,Inbound,6002,23
5,1697,1,Inbound,6001,23
5,1698,1,Inbound,6002,23
5,1699,1,Inbound,6001,23
2,17,1,Outbound,6602,33
11,170,1,Inbound,9404,3
5,1700,1,Inbound,6002,23
5,1701,1,Inbound,6001,23
5,1702,1,Inbound,6002,23
5,1703,1,Inbound,6001,23
5,1704,1,Inbound,6002,23
5,1705,1,Inbound,6001,23
5,1706,1,Inbound,6022,23
5,1707,1,Inbound,6021,23
5,1708,1,Inbound,6022,23
5,1709,1,Inbound,6021,23
11,171,1,Inbound,9403,3
9,1710,1,Outbound,1201,18
9,1711,1,Outbound,1202,18
9,1712,1,Outbound,1201,18
9,1713,1,Outbound,1202,18
9,1714,1,Outbound,1201,18
9,1715,1,Outbound,1202,18
9,1716,1,Outbound,1201,18
9,1717,1,Outbound,1202,18
9,1718,1,Outbound,1201,18
9,1719,1,Outbound,1202,18
11,172,1,Inbound,9401,3
9,1720,1,Outbound,1201,18
9,1721,1,Outbound,1202,18
9,1722,1,Outbound,1201,18
9,1723,1,Outbound,1212,18
9,1724,1,Outbound,1211,18
9,1725,1,Outbound,1221,18
9,1726,1,Outbound,1222,18
9,1727,1,Inbound,1202,69
9,1728,1,Inbound,1201,69
9,1729,1,Inbound,1202,69
11,173,1,Inbound,9403,3
9,1730,1,Inbound,1201,69
9,1731,1,Inbound,1202,69
9,1732,1,Inbound,1201,69
9,1733,1,Inbound,1202,69
9,1734,1,Inbound,1201,69
9,1735,1,Inbound,1202,69
9,1736,1,Inbound,1201,69
9,1737,1,Inbound,1202,69
9,1738,1,Inbound,1201,69
9,1739,1,Inbound,1202,69
11,174,1,Inbound,9402,3
9,1740,1,Inbound,1201,69
9,1741,1,Inbound,1212,69
9,1742,1,Inbound,1211,69
9,1743,1,Inbound,1222,69
9,1744,1,Inbound,1221,69
9,1745,1,Inbound,1222,69
9,1746,2,Outbound,1202,18
9,1747,2,Outbound,1201,18
9,1748,2,Outbound,1202,18
9,1749,2,Outbound,1201,18
11,175,1,Inbound,9405,3
9,1750,2,Outbound,1202,18
9,1751,2,Outbound,1201,18
9,1752,2,Outbound,1202,18
9,1753,2,Outbound,1201,18
9,1754,2,Outbound,1202,18
9,1755,2,Outbound,1201,18
9,1756,2,Outbound,1202,18
9,1757,2,Inbound,1201,17
9,1758,2,Inbound,1202,17
9,1759,2,Inbound,1201,17
11,176,1,Inbound,9402,3
9,1760,2,Inbound,1202,17
9,1761,2,Inbound,1201,17
9,1762,2,Inbound,1202,17
9,1763,2,Inbound,1201,17
9,1764,2,Inbound,1202,17
9,1765,2,Inbound,1201,17
9,1766,2,Inbound,1202,17
9,1767,2,Inbound,1201,17
9,1768,2,Inbound,1202,17
10,1769,3,Outbound,6001,29
11,177,1,Inbound,9404,3
10,1770,3,Outbound,6002,29
10,1771,3,Outbound,6003,29
10,1772,3,Outbound,6001,29
10,1773,3,Outbound,6002,29
10,1774,3,Outbound,6003,29
10,1775,3,Outbound,6001,29
10,1776,3,Outbound,6002,29
10,1777,3,Outbound,6003,29
10,1778,3,Outbound,6001,29
10,1779,3,Outbound,6002,29
11,178,1,Inbound,9402,3
10,1780,3,Inbound,6003,7
10,1781,3,Inbound,6001,7
10,1782,3,Inbound,6002,7
10,1783,3,Inbound,6003,7
10,1784,3,Inbound,6001,7
10,1785,3,Inbound,6002,7
10,1786,3,Inbound,6003,7
10,1787,3,Inbound,6001,7
10,1788,3,Inbound,6002,7
10,1789,3,Inbound,6003,7
11,179,1,Inbound,9401,3
10,1790,3,Inbound,6001,7
10,1791,3,Inbound,6002,7
12,1792,1,Outbound,6001,53
12,1793,1,Outbound,6011,53
12,1794,1,Outbound,6002,53
12,1795,1,Outbound,6012,53
12,1796,1,Outbound,6001,53
12,1797,1,Outbound,6002,53
12,1798,1,Outbound,6001,21
12,1799,1,Outbound,6002,21
2,18,1,Outbound,6603,33
11,180,1,Inbound,9403,3
12,1800,1,Outbound,6001,21
12,1801,1,Outbound,6002,21
12,1802,1,Outbound,6001,21
12,1803,1,Outbound,6022,53
12,1804,1,Outbound,6002,53
12,1805,1,Outbound,6021,53
12,1806,1,Outbound,6001,53
12,1807,1,Outbound,6022,53
12,1808,1,Outbound,6002,53
12,1809,1,Outbound,6001,53
11,181,1,Inbound,9401,3
12,1810,1,Inbound,6002,48
12,1811,1,Inbound,6012,48
12,1812,1,Inbound,6001,46
12,1813,1,Inbound,6011,46
12,1814,1,Inbound,6002,46
12,1815,1,Inbound,6012,46
12,1816,1,Inbound,6001,46
12,1817,1,Inbound,6002,47
12,1818,1,Inbound,6001,47
12,1819,1,Inbound,6002,47
11,182,1,Inbound,9405,3
12,1820,1,Inbound,6001,47
12,1821,1,Inbound,6002,47
12,1822,1,Inbound,6001,46
12,1823,1,Inbound,6022,46
12,1824,1,Inbound,6002,46
12,1825,1,Inbound,6021,46
12,1826,1,Inbound,6001,46
12,1827,1,Inbound,6022,46
12,1828,1,Inbound,6002,46
12,1829,1,Inbound,6001,46
11,183,1,Inbound,9401,3
12,1830,3,Outbound,6002,21
12,1831,3,Outbound,6003,21
12,1832,3,Outbound,6001,21
12,1833,3,Outbound,6002,21
12,1834,3,Outbound,6003,21
12,1835,3,Outbound,6001,21
12,1836,3,Outbound,6002,21
12,1837,3,Outbound,6003,21
12,1838,3,Outbound,6001,21
12,1839,3,Outbound,6002,21
11,184,1,Inbound,9404,3
12,1840,3,Outbound,6003,21
12,1841,3,Inbound,6002,25
12,1842,3,Inbound,6003,25
12,1843,3,Inbound,6001,25
12,1844,3,Inbound,6002,25
12,1845,3,Inbound,6003,25
12,1846,3,Inbound,6001,25
12,1847,3,Inbound,6002,25
12,1848,3,Inbound,6003,25
12,1849,3,Inbound,6001,25
13,185,1,Outbound,4404,72
12,1850,3,Inbound,6002,25
12,1851,3,Inbound,6003,25
13,1852,1,Outbound,6202,72
13,1853,1,Outbound,6203,72
13,1854,1,Outbound,6204,72
13,1855,1,Inbound,6202,63
13,1856,1,Inbound,6203,63
13,1857,1,Inbound,6204,63
13,1858,3,Outbound,4402,71
13,1859,3,Outbound,4403,44
13,186,1,Outbound,4406,72
13,1860,3,Outbound,4404,44
13,1861,3,Outbound,4401,44
13,1862,3,Outbound,4402,44
13,1863,3,Outbound,4403,44
13,1864,3,Outbound,4404,44
13,1865,3,Outbound,4401,44
13,1866,3,Outbound,4402,44
13,1867,3,Outbound,4403,44
13,1868,3,Outbound,4404,44
13,1869,3,Outbound,4401,44
13,187,1,Outbound,4407,72
13,1870,3,Outbound,4402,44
13,1871,3,Inbound,4402,22
13,1872,3,Inbound,4403,22
13,1873,3,Inbound,4404,22
13,1874,3,Inbound,4401,22
13,1875,3,Inbound,4402,22
13,1876,3,Inbound,4403,22
13,1877,3,Inbound,4404,22
13,1878,3,Inbound,4401,22
13,1879,3,Inbound,4402,22
13,188,1,Outbound,6201,72
13,1880,3,Inbound,4403,22
13,1881,3,Inbound,4404,22
13,1882,3,Inbound,4401,22
14,1883,1,Outbound,4401,55
14,1884,1,Outbound,4403,55
14,1885,1,Outbound,4405,55
14,1886,1,Inbound,4403,70
14,1887,1,Inbound,4404,70
14,1888,1,Inbound,4405,70
14,1889,1,Inbound,6202,70
13,189,1,Outbound,4401,72
14,1890,1,Inbound,6203,70
14,1891,1,Inbound,6204,70
14,1892,1,Inbound,4401,70
14,1893,1,Inbound,4402,70
14,1894,1,Inbound,4403,70
14,1895,1,Inbound,4404,70
14,1896,1,Inbound,4405,70
14,1897,1,Inbound,4406,70
14,1898,1,Inbound,4407,70
14,1899,1,Inbound,6201,70
2,19,1,Outbound,6604,33
13,190,1,Outbound,4403,72
14,1900,1,Inbound,6202,70
14,1901,1,Inbound,6203,70
14,1902,2,Inbound,4403,76
15,1903,1,Inbound,6411,58
15,1904,1,Inbound,6401,58
15,1905,1,Inbound,6412,58
15,1906,1,Inbound,6402,58
15,1907,1,Inbound,6411,58
15,1908,1,Inbound,6401,58
15,1909,1,Inbound,6412,58
13,191,1,Outbound,4402,72
15,1910,1,Inbound,6402,58
15,1911,1,Inbound,6401,58
15,1912,1,Inbound,6402,58
15,1913,1,Inbound,6401,58
15,1914,1,Inbound,6402,58
15,1915,1,Inbound,6401,58
15,1916,1,Inbound,6402,58
15,1917,1,Inbound,6421,58
15,1918,1,Inbound,6401,58
15,1919,1,Inbound,6422,58
14,192,1,Outbound,4403,55
15,1920,1,Inbound,6402,58
15,1921,1,Inbound,6421,58
15,1922,1,Inbound,6401,58
15,1923,1,Inbound,6422,58
15,1924,1,Inbound,6402,58
15,1925,1,Inbound,6401,58
15,1926,1,Inbound,6422,68
15,1927,2,Inbound,6401,58
15,1928,2,Inbound,6402,58
15,1929,2,Inbound,6403,58
14,193,1,Outbound,4405,55
15,1930,2,Inbound,6401,58
15,1931,2,Inbound,6402,58
15,1932,2,Inbound,6403,58
15,1933,2,Inbound,6401,58
15,1934,2,Inbound,6402,58
15,1935,2,Inbound,6403,58
15,1936,2,Inbound,6401,58
15,1937,2,Inbound,6402,58
15,1938,2,Inbound,6403,58
15,1939,2,Inbound,6401,58
14,194,1,Outbound,4402,55
15,1940,3,Outbound,6403,54
15,1941,3,Outbound,6401,54
15,1942,3,Outbound,6402,54
15,1943,3,Outbound,6403,54
15,1944,3,Outbound,6401,54
15,1945,3,Outbound,6402,54
15,1946,3,Outbound,6403,54
15,1947,3,Outbound,6401,54
15,1948,3,Outbound,6402,54
15,1949,3,Outbound,6403,54
14,195,1,Outbound,4404,55
15,1950,3,Outbound,6401,54
15,1951,3,Outbound,6402,59
15,1952,3,Inbound,6402,58
15,1953,3,Inbound,6403,58
15,1954,3,Inbound,6401,58
15,1955,3,Inbound,6402,58
15,1956,3,Inbound,6403,58
15,1957,3,Inbound,6401,58
15,1958,3,Inbound,6402,58
15,1959,3,Inbound,6403,58
14,196,1,Outbound,4406,55
15,1960,3,Inbound,6401,58
15,1961,3,Inbound,6402,58
15,1962,3,Inbound,6403,58
15,1963,3,Inbound,6401,68
17,1964,1,Outbound,6701,41
17,1965,1,Outbound,6701,41
17,1966,1,Outbound,6701,41
17,1967,1,Outbound,6701,41
17,1968,1,Outbound,6701,41
17,1969,1,Outbound,6701,41
14,197,1,Outbound,6204,55
17,1970,1,Outbound,6701,41
17,1971,1,Outbound,6701,41
17,1972,1,Outbound,6701,41
17,1973,1,Outbound,6701,41
17,1974,1,Outbound,6701,41
17,1975,1,Outbound,6701,41
17,1976,1,Outbound,6701,41
17,1977,1,Inbound,6701,12
17,1978,1,Inbound,6701,12
17,1979,1,Inbound,6701,12
14,198,1,Outbound,4402,55
17,1980,1,Inbound,6701,12
17,1981,1,Inbound,6701,12
17,1982,1,Inbound,6701,12
17,1983,1,Inbound,6701,12
17,1984,1,Inbound,6701,12
17,1985,1,Inbound,6701,12
17,1986,1,Inbound,6701,12
17,1987,1,Inbound,6701,12
17,1988,1,Inbound,6701,12
17,1989,1,Inbound,6701,12
14,199,1,Outbound,4404,55
17,1990,1,Inbound,6701,12
17,1991,2,Outbound,6701,11
17,1992,2,Outbound,6701,11
17,1993,2,Outbound,6701,11
17,1994,2,Outbound,6701,11
17,1995,2,Outbound,6701,11
17,1996,2,Outbound,6701,11
17,1997,2,Outbound,6701,11
17,1998,2,Outbound,6701,11
17,1999,2,Outbound,6701,11
2,2,1,Outbound,6602,33
2,20,1,Outbound,6605,33
14,200,1,Outbound,4401,55
17,2000,2,Outbound,6701,11
17,2001,2,Outbound,6701,11
17,2002,2,Inbound,6701,12
17,2003,2,Inbound,6701,12
17,2004,2,Inbound,6701,12
17,2005,2,Inbound,6701,12
17,2006,2,Inbound,6701,12
17,2007,2,Inbound,6701,12
17,2008,2,Inbound,6701,12
17,2009,2,Inbound,6701,12
14,201,1,Outbound,4403,55
17,2010,2,Inbound,6701,12
17,2011,2,Inbound,6701,12
17,2012,2,Inbound,6701,12
18,2013,1,Outbound,6803,16
18,2014,1,Inbound,6804,28
18,2015,2,Outbound,6802,16
20,2016,1,Outbound,9402,84
20,2017,1,Outbound,9403,84
20,2018,1,Outbound,9404,67
20,2019,1,Outbound,9401,67
14,202,1,Outbound,4401,65
20,2020,1,Outbound,9402,67
20,2021,1,Outbound,9403,67
20,2022,1,Outbound,9404,67
20,2023,1,Outbound,9401,67
20,2024,1,Outbound,9405,67
20,2025,1,Outbound,9404,67
20,2026,1,Outbound,9401,67
20,2027,1,Outbound,9403,80
20,2028,1,Outbound,9405,80
20,2029,1,Outbound,9404,80
16,203,1,Outbound,6604,43
20,2030,1,Outbound,9402,67
20,2031,1,Outbound,9403,67
20,2032,1,Inbound,9401,82
20,2033,1,Inbound,9402,82
20,2034,1,Inbound,9403,82
20,2035,1,Inbound,9404,10
20,2036,1,Inbound,9401,10
20,2037,1,Inbound,9402,10
20,2038,1,Inbound,9403,10
20,2039,1,Inbound,9401,10
16,204,1,Outbound,6601,43
20,2040,1,Inbound,9402,10
20,2041,1,Inbound,9405,10
20,2042,1,Inbound,9404,10
20,2043,1,Inbound,9401,10
20,2044,1,Inbound,9404,10
20,2045,1,Inbound,9403,10
20,2046,1,Inbound,9405,10
20,2047,1,Inbound,9404,10
20,2048,1,Inbound,9402,10
20,2049,1,Inbound,9403,10
16,205,1,Outbound,6603,43
20,2050,2,Outbound,9401,38
20,2051,2,Outbound,9402,37
20,2052,2,Outbound,9402,37
20,2053,2,Outbound,9402,37
20,2054,2,Outbound,9402,37
20,2055,2,Outbound,9402,37
20,2056,2,Outbound,9401,37
20,2057,2,Outbound,9401,37
20,2058,2,Outbound,9401,37
20,2059,2,Outbound,9401,37
16,206,1,Outbound,6605,43
20,2060,2,Outbound,9401,37
20,2061,2,Inbound,9401,10
20,2062,2,Inbound,9401,10
20,2063,2,Inbound,9401,10
20,2064,2,Inbound,9401,10
20,2065,2,Inbound,9401,10
20,2066,2,Inbound,9401,10
20,2067,2,Inbound,9402,10
20,2068,2,Inbound,9402,10
20,2069,2,Inbound,9402,10
16,207,1,Outbound,6602,43
20,2070,2,Inbound,9402,10
20,2071,2,Inbound,9402,10
20,2072,3,Outbound,9401,38
20,2073,3,Outbound,9401,37
20,2074,3,Outbound,9401,37
20,2075,3,Outbound,9401,37
20,2076,3,Outbound,9401,37
20,2077,3,Outbound,9401,37
20,2078,3,Inbound,9401,10
20,2079,3,Inbound,9401,10
16,208,1,Outbound,6604,43
20,2080,3,Inbound,9401,10
20,2081,3,Inbound,9401,10
20,2082,3,Inbound,9401,10
20,2083,3,Inbound,9401,10
23,2084,3,Outbound,9901,56
23,2085,3,Outbound,9901,56
23,2086,3,Outbound,9901,56
23,2087,3,Outbound,9901,56
23,2088,3,Outbound,9901,56
23,2089,2,Outbound,9901,56
16,209,1,Outbound,6601,43
23,2090,2,Outbound,9901,56
23,2091,2,Outbound,9901,56
23,2092,2,Outbound,9901,56
23,2093,2,Outbound,9901,56
23,2094,2,Outbound,9902,56
23,2095,2,Outbound,9902,56
23,2096,2,Outbound,9902,56
23,2097,2,Outbound,9902,56
20,2098,1,Outbound,9402,67
36,2099,1,Inbound,4101,66
2,21,1,Outbound,6601,33
16,210,1,Outbound,6603,43
36,2100,1,Inbound,4131,78
36,2101,1,Inbound,4131,78
36,2102,1,Outbound,4131,79
36,2103,1,Outbound,4131,79
36,2104,1,Outbound,4131,79
36,2105,2,Outbound,4131,79
36,2106,2,Outbound,4131,79
36,2107,2,Outbound,4131,79
36,2108,2,Inbound,4101,66
36,2109,2,Inbound,4131,78
16,211,1,Outbound,6605,43
36,2110,2,Inbound,4131,78
36,2111,3,Outbound,4131,79
36,2112,3,Outbound,4131,79
36,2113,3,Outbound,4131,79
18,2114,2,Inbound,6801,28
36,2115,3,Inbound,4131,78
36,2116,3,Inbound,4131,78
36,2117,3,Inbound,4131,78
36,2118,1,Inbound,4131,78
36,2119,1,Outbound,4131,79
16,212,1,Outbound,6602,43
36,2120,2,Inbound,4131,78
36,2121,2,Outbound,4131,79
16,2122,3,Inbound,6601,83
7,2123,1,Outbound,4112,4
7,2124,1,Outbound,4112,4
7,2125,1,Inbound,4112,0
11,2126,1,Outbound,9402,2
11,2127,1,Outbound,9404,2
11,2128,1,Outbound,9403,2
11,2129,1,Outbound,9404,2
16,213,1,Outbound,6604,43
11,2130,1,Inbound,9402,3
11,2131,1,Inbound,9404,3
11,2132,1,Inbound,9403,3
18,2133,1,Inbound,6802,28
20,2134,1,Outbound,9405,67
20,2135,1,Inbound,9405,10
29,2136,2,Outbound,4301,61
29,2137,2,Outbound,4301,61
29,2138,2,Outbound,4301,61
29,2139,2,Outbound,4301,61
16,214,1,Outbound,6601,43
29,2140,2,Outbound,4301,61
29,2141,2,Outbound,4301,61
29,2142,2,Outbound,4301,61
29,2143,2,Outbound,4301,61
29,2144,2,Outbound,4301,61
29,2145,2,Outbound,4301,61
29,2146,2,Inbound,4301,57
29,2147,2,Inbound,4301,57
29,2148,2,Inbound,4301,57
29,2149,2,Inbound,4301,57
16,215,1,Outbound,6603,43
29,2150,2,Inbound,4301,57
29,2151,2,Inbound,4301,57
29,2152,2,Inbound,4301,57
29,2153,2,Inbound,4301,57
29,2154,2,Inbound,4301,57
29,2155,2,Inbound,4301,57
29,2156,2,Inbound,4301,57
18,2157,3,Outbound,6801,16
18,2158,3,Outbound,6802,16
18,2159,3,Outbound,6801,16
16,216,1,Outbound,6605,43
18,2160,3,Outbound,6802,16
18,2161,3,Outbound,6801,16
18,2162,3,Outbound,6802,16
18,2163,3,Outbound,6801,16
18,2164,3,Outbound,6802,16
18,2165,3,Outbound,6801,16
18,2166,3,Outbound,6802,16
18,2167,3,Outbound,6801,16
18,2168,3,Outbound,6802,16
23,2169,3,Outbound,9902,56
16,217,1,Outbound,6602,43
23,2170,3,Outbound,9902,56
23,2171,3,Outbound,9902,56
23,2172,3,Outbound,9902,56
35,2176,1,Inbound,1011,8
35,2177,1,Inbound,1012,8
35,2178,1,Inbound,1011,8
35,2179,1,Inbound,1012,8
16,218,1,Outbound,6601,43
35,2180,1,Inbound,1011,8
35,2181,1,Inbound,1012,8
35,2182,1,Inbound,1011,8
35,2183,1,Inbound,1012,8
35,2184,1,Inbound,1011,8
35,2185,1,Inbound,1012,8
35,2186,1,Inbound,1011,8
35,2187,1,Inbound,1012,8
35,2188,1,Inbound,1011,8
35,2189,1,Inbound,1012,8
16,219,1,Outbound,6601,43
35,2190,1,Inbound,1011,8
35,2191,1,Inbound,1012,8
35,2192,1,Inbound,1011,8
35,2193,1,Inbound,1012,8
35,2194,1,Inbound,1011,8
35,2195,1,Inbound,1012,8
35,2196,1,Inbound,1011,8
35,2197,1,Inbound,1012,8
35,2198,1,Inbound,1011,8
35,2199,1,Inbound,1012,8
2,22,1,Outbound,6602,33
7,220,1,Outbound,4111,4
35,2200,1,Inbound,1011,8
35,2201,1,Inbound,1012,8
35,2202,1,Inbound,1011,8
35,2203,1,Inbound,1012,8
35,2204,1,Inbound,1011,8
35,2205,1,Inbound,1012,8
35,2206,1,Inbound,1011,8
35,2207,1,Inbound,1012,8
35,2208,1,Inbound,1011,8
35,2209,1,Inbound,1012,8
1,221,2,Outbound,6403,35
35,2210,1,Inbound,1011,8
35,2211,1,Inbound,1012,8
35,2212,1,Inbound,1011,8
35,2213,1,Inbound,1012,8
35,2214,1,Inbound,1011,8
35,2215,1,Inbound,1012,8
35,2216,1,Inbound,1011,8
35,2217,1,Inbound,1012,8
35,2218,1,Inbound,1011,8
35,2219,1,Inbound,1012,8
1,222,2,Outbound,6401,35
35,2226,1,Outbound,1011,5
35,2227,1,Outbound,1012,5
35,2228,1,Outbound,1011,5
35,2229,1,Outbound,1012,5
1,223,2,Outbound,6402,35
35,2230,1,Outbound,1011,5
35,2231,1,Outbound,1012,5
35,2232,1,Outbound,1011,5
35,2233,1,Outbound,1012,5
35,2234,1,Outbound,1011,5
35,2235,1,Outbound,1012,5
35,2236,1,Outbound,1011,5
35,2237,1,Outbound,1012,5
35,2238,1,Outbound,1011,5
35,2239,1,Outbound,1012,5
1,224,2,Outbound,6403,35
35,2240,1,Outbound,1011,5
35,2241,1,Outbound,1012,5
35,2242,1,Outbound,1011,5
35,2243,1,Outbound,1012,5
35,2244,1,Outbound,1011,5
35,2245,1,Outbound,1012,5
35,2246,1,Outbound,1011,5
35,2247,1,Outbound,1012,5
35,2248,1,Outbound,1011,5
35,2249,1,Outbound,1012,5
1,225,2,Outbound,6401,35
35,2250,1,Outbound,1011,5
35,2251,1,Outbound,1012,5
35,2252,1,Outbound,1011,5
35,2253,1,Outbound,1012,5
35,2254,1,Outbound,1011,5
35,2255,1,Outbound,1012,5
35,2256,1,Outbound,1011,5
35,2257,1,Outbound,1012,5
35,2258,1,Outbound,1011,5
35,2259,1,Outbound,1012,5
1,226,2,Outbound,6402,35
35,2260,1,Outbound,1011,5
35,2261,1,Outbound,1012,5
35,2262,1,Outbound,1011,5
35,2263,1,Outbound,1012,5
35,2264,1,Outbound,1011,5
35,2265,1,Outbound,1012,5
35,2266,1,Outbound,1011,5
35,2267,1,Outbound,1012,5
35,2268,1,Outbound,1011,5
35,2269,1,Outbound,1012,5
1,227,2,Outbound,6403,35
37,2274,1,Inbound,9924,36
11,2275,2,Outbound,6605,2
11,2276,2,Outbound,6601,2
11,2277,2,Outbound,6602,2
11,2278,2,Outbound,6603,2
11,2279,2,Outbound,6604,2
1,228,2,Outbound,6401,35
11,2280,2,Outbound,6605,2
11,2281,2,Outbound,6601,2
11,2282,2,Outbound,6602,2
11,2283,2,Outbound,6603,2
11,2284,2,Outbound,6604,2
11,2285,2,Outbound,6605,2
11,2286,2,Outbound,6601,2
11,2287,2,Outbound,6602,2
11,2288,2,Outbound,6603,2
11,2289,2,Outbound,6604,2
1,229,2,Outbound,6402,35
11,2290,2,Outbound,6605,2
11,2291,2,Outbound,6601,2
11,2292,2,Outbound,6602,2
11,2293,2,Outbound,6603,2
11,2294,2,Outbound,6604,2
11,2295,2,Outbound,6605,2
11,2296,2,Outbound,6601,2
11,2297,2,Outbound,6602,2
11,2298,2,Outbound,6603,2
11,2299,2,Outbound,6604,2
2,23,1,Outbound,6603,33
1,230,2,Outbound,6403,35
11,2300,2,Outbound,6605,2
11,2301,2,Outbound,6604,2
11,2302,2,Inbound,6604,3
11,2303,2,Inbound,6605,3
11,2304,2,Inbound,6601,3
11,2305,2,Inbound,6602,3
11,2306,2,Inbound,6603,3
11,2307,2,Inbound,6604,3
11,2308,2,Inbound,6605,3
11,2309,2,Inbound,6601,3
1,231,2,Outbound,6401,35
11,2310,2,Inbound,6602,3
11,2311,2,Inbound,6603,3
11,2312,2,Inbound,6604,3
11,2313,2,Inbound,6605,3
11,2314,2,Inbound,6601,3
11,2315,2,Inbound,6602,3
11,2316,2,Inbound,6603,3
11,2317,2,Inbound,6604,3
11,2318,2,Inbound,6605,3
11,2319,2,Inbound,6601,3
1,232,2,Outbound,6402,35
11,2320,2,Inbound,6602,3
11,2321,2,Inbound,6603,3
11,2322,2,Inbound,6604,3
11,2323,2,Inbound,6605,3
11,2324,2,Inbound,6601,3
11,2325,2,Inbound,6602,3
11,2326,2,Inbound,6603,3
11,2327,2,Inbound,6604,3
11,2328,2,Inbound,6605,3
13,2329,2,Outbound,6201,44
1,233,3,Outbound,6401,35
13,2330,2,Outbound,6202,44
13,2331,2,Outbound,6203,44
13,2332,2,Outbound,6204,44
13,2333,2,Outbound,4405,44
13,2334,2,Outbound,4401,44
13,2335,2,Outbound,4402,44
13,2336,2,Outbound,4403,44
13,2337,2,Outbound,4404,44
13,2338,2,Outbound,6201,44
13,2339,2,Outbound,6202,44
1,234,3,Outbound,6402,35
13,2340,2,Outbound,6203,44
13,2341,2,Outbound,6204,44
13,2342,2,Outbound,4405,44
13,2343,2,Inbound,6201,22
13,2344,2,Inbound,6202,22
13,2345,2,Inbound,6203,22
13,2346,2,Inbound,6204,22
13,2347,2,Inbound,4405,22
13,2348,2,Inbound,4401,22
13,2349,2,Inbound,4402,22
1,235,3,Outbound,6403,35
13,2350,2,Inbound,4403,22
13,2351,2,Inbound,4404,22
13,2352,2,Inbound,6201,22
13,2353,2,Inbound,6202,22
13,2354,2,Inbound,6203,22
13,2355,2,Inbound,6204,22
14,2356,2,Outbound,4405,49
14,2357,2,Outbound,4401,49
14,2358,2,Outbound,4402,49
14,2359,2,Outbound,4403,49
1,236,3,Outbound,6401,35
14,2360,2,Outbound,4404,49
14,2361,2,Outbound,6201,49
14,2362,2,Outbound,6202,49
14,2363,2,Outbound,6203,49
14,2364,2,Outbound,6204,49
14,2365,2,Outbound,4405,49
14,2366,2,Outbound,4401,49
14,2367,2,Outbound,4402,49
14,2368,2,Outbound,4403,49
14,2369,2,Inbound,4405,75
1,237,3,Outbound,6402,35
14,2370,2,Inbound,4401,75
14,2371,2,Inbound,4402,75
14,2372,2,Inbound,4403,75
14,2373,2,Inbound,4404,75
14,2374,2,Inbound,6201,75
14,2375,2,Inbound,6202,75
14,2376,2,Inbound,6203,75
14,2377,2,Inbound,6204,75
14,2378,2,Inbound,4405,75
14,2379,2,Inbound,4401,75
1,238,3,Outbound,6403,35
14,2380,2,Inbound,4402,75
14,2381,2,Inbound,4403,75
18,2382,3,Inbound,6802,28
18,2383,3,Inbound,6801,28
18,2384,3,Inbound,6802,28
18,2385,3,Inbound,6801,28
18,2386,3,Inbound,6802,28
18,2387,3,Inbound,6801,28
18,2388,3,Inbound,6802,28
18,2389,3,Inbound,6801,28
1,239,3,Outbound,6401,35
18,2390,3,Inbound,6802,28
18,2391,3,Inbound,6801,28
18,2392,3,Inbound,6802,28
18,2393,3,Inbound,6801,28
23,2394,3,Inbound,9902,27
23,2395,3,Inbound,9902,27
23,2396,3,Inbound,9902,27
23,2397,3,Inbound,9902,27
37,2398,1,Outbound,9911,39
21,2399,1,Inbound,9911,32
2,24,1,Outbound,6604,33
1,240,3,Outbound,6402,35
21,2400,1,Outbound,9901,30
37,2401,1,Inbound,9901,36
39,2402,1,Outbound,9915,40
39,2403,1,Outbound,9916,40
39,2404,1,Outbound,9917,40
39,2405,1,Outbound,9915,40
39,2406,1,Outbound,9916,40
39,2407,1,Outbound,9926,60
39,2408,1,Outbound,9927,60
39,2409,1,Outbound,9925,60
1,241,3,Outbound,6403,35
39,2410,1,Outbound,9926,60
39,2411,1,Outbound,9927,60
39,2412,1,Inbound,9915,45
39,2413,1,Inbound,9916,45
39,2414,1,Inbound,9917,45
39,2415,1,Inbound,9915,45
39,2416,1,Inbound,9916,45
39,2417,1,Inbound,9925,45
39,2418,1,Inbound,9926,45
39,2419,1,Inbound,9927,45
1,242,3,Outbound,6401,35
39,2420,1,Inbound,9925,45
39,2421,1,Inbound,9926,45
39,2422,1,Inbound,9927,45
2,243,3,Outbound,1201,33
2,244,3,Outbound,1201,33
2,245,3,Outbound,1201,33
2,246,3,Outbound,1201,33
2,247,3,Outbound,1201,33
2,248,3,Outbound,1201,33
2,249,3,Outbound,1201,33
2,25,1,Outbound,6605,33
2,250,3,Outbound,1201,33
2,251,3,Outbound,1201,33
2,252,3,Outbound,1201,33
2,253,3,Outbound,1201,33
7,254,2,Outbound,4101,4
7,255,2,Outbound,4102,4
7,256,2,Outbound,4101,4
7,257,2,Outbound,4102,4
7,258,2,Outbound,4101,4
7,259,2,Outbound,4102,4
2,26,1,Outbound,6601,33
7,260,2,Outbound,4101,4
7,261,2,Outbound,4102,4
7,262,2,Outbound,4101,4
7,263,2,Outbound,4102,4
7,264,2,Outbound,4101,4
7,265,2,Outbound,4102,4
7,266,2,Outbound,4101,4
7,267,2,Outbound,4102,4
7,268,2,Outbound,4101,4
7,269,2,Outbound,4102,4
2,27,1,Outbound,6602,33
7,270,2,Outbound,4101,4
7,271,2,Outbound,4102,4
7,272,2,Outbound,4101,4
7,273,2,Outbound,4102,4
7,274,2,Outbound,4101,4
7,275,2,Outbound,4102,4
7,276,2,Outbound,4101,4
7,277,2,Outbound,4102,4
7,278,2,Outbound,4101,4
7,279,2,Outbound,4101,4
2,28,1,Outbound,6603,33
7,280,2,Outbound,4101,4
7,281,2,Outbound,4101,4
7,282,2,Inbound,4101,0
7,283,2,Inbound,4102,0
7,284,2,Inbound,4101,0
7,285,2,Inbound,4102,0
7,286,2,Inbound,4101,0
7,287,2,Inbound,4102,0
7,288,2,Inbound,4101,0
7,289,2,Inbound,4102,0
7,29,1,Outbound,4102,4
7,290,2,Inbound,4101,0
7,291,2,Inbound,4102,0
7,292,2,Inbound,4101,0
7,293,2,Inbound,4102,0
7,294,2,Inbound,4101,0
7,295,2,Inbound,4102,0
7,296,2,Inbound,4101,0
7,297,2,Inbound,4102,0
7,298,2,Inbound,4101,0
7,299,2,Inbound,4102,0
2,3,1,Outbound,6603,33
7,30,1,Outbound,4103,4
7,300,2,Inbound,4101,0
7,301,2,Inbound,4102,0
7,302,2,Inbound,4101,0
7,303,2,Inbound,4102,0
7,304,2,Inbound,4101,0
7,305,2,Inbound,4102,0
7,306,2,Inbound,4101,0
7,307,2,Inbound,4101,0
7,308,2,Inbound,4101,0
7,309,3,Outbound,4102,4
7,31,1,Outbound,4104,4
7,310,3,Outbound,4101,4
7,311,3,Outbound,4102,4
7,312,3,Outbound,4101,4
7,313,3,Outbound,4102,4
7,314,3,Outbound,4101,4
7,315,3,Outbound,4102,4
7,316,3,Outbound,4101,4
7,317,3,Outbound,4102,4
7,318,3,Outbound,4101,4
7,319,3,Outbound,4102,4
7,32,1,Outbound,4101,4
7,320,3,Outbound,4101,4
7,321,3,Outbound,4102,4
7,322,3,Outbound,4101,4
7,323,3,Outbound,4102,4
7,324,3,Outbound,4101,4
7,325,3,Outbound,4102,4
7,326,3,Outbound,4101,4
7,327,3,Outbound,4102,4
7,328,3,Outbound,4101,4
7,329,3,Inbound,4101,0
7,33,1,Outbound,4102,4
7,330,3,Inbound,4102,0
7,331,3,Inbound,4101,0
7,332,3,Inbound,4102,0
7,333,3,Inbound,4101,0
7,334,3,Inbound,4102,0
7,335,3,Inbound,4101,0
7,336,3,Inbound,4102,0
7,337,3,Inbound,4101,0
7,338,3,Inbound,4102,0
7,339,3,Inbound,4101,0
7,34,1,Outbound,4103,4
7,340,3,Inbound,4102,0
7,341,3,Inbound,4101,0
7,342,3,Inbound,4102,0
7,343,3,Inbound,4101,0
7,344,3,Inbound,4102,0
7,345,3,Inbound,4101,0
7,346,3,Inbound,4102,0
7,347,3,Inbound,4101,0
7,348,3,Inbound,4102,0
7,349,3,Inbound,4101,0
7,35,1,Outbound,4104,4
8,350,2,Outbound,4402,9
8,351,2,Outbound,4404,9
8,352,2,Outbound,4401,9
8,353,2,Outbound,4403,9
8,354,2,Outbound,6201,9
8,355,2,Outbound,6203,9
8,356,2,Outbound,4405,9
8,357,2,Outbound,4402,9
8,358,2,Outbound,4404,9
8,359,2,Outbound,6202,9
7,36,1,Outbound,4101,4
8,360,2,Outbound,6204,9
8,361,2,Outbound,6001,9
8,362,2,Outbound,6203,9
8,363,2,Outbound,4404,9
8,364,2,Inbound,4402,34
8,365,2,Inbound,4404,34
8,366,2,Inbound,4401,34
8,367,2,Inbound,4403,34
8,368,2,Inbound,6201,34
8,369,2,Inbound,6203,34
7,37,1,Outbound,4102,4
8,370,2,Inbound,4405,34
8,371,2,Inbound,4402,34
8,372,2,Inbound,4404,34
8,373,2,Inbound,6202,34
8,374,2,Inbound,6204,34
8,375,2,Inbound,6001,34
8,376,2,Inbound,6203,34
8,377,2,Inbound,4404,34
8,378,3,Outbound,4402,9
8,379,3,Outbound,4403,9
7,38,1,Outbound,4103,4
8,380,3,Outbound,4404,9
8,381,3,Outbound,4401,9
8,382,3,Outbound,4402,9
8,383,3,Outbound,4403,9
8,384,3,Outbound,4404,9
8,385,3,Outbound,4401,9
8,386,3,Outbound,4402,9
8,387,3,Outbound,4403,9
8,388,3,Inbound,4401,34
8,389,3,Inbound,4402,34
7,39,1,Outbound,4104,4
8,390,3,Inbound,4403,34
8,391,3,Inbound,4404,34
8,392,3,Inbound,4401,34
8,393,3,Inbound,4402,34
8,394,3,Inbound,4403,34
8,395,3,Inbound,4404,34
8,396,3,Inbound,4401,34
8,397,3,Inbound,4402,34
8,398,3,Inbound,4403,34
10,399,2,Outbound,6001,29
2,4,1,Outbound,6604,33
7,40,1,Outbound,4101,4
10,400,2,Outbound,6002,29
10,401,2,Outbound,6003,29
10,402,2,Outbound,6001,29
10,403,2,Outbound,6002,29
10,404,2,Outbound,6003,29
10,405,2,Outbound,6001,29
10,406,2,Outbound,6002,29
10,407,2,Outbound,6003,29
10,408,2,Outbound,6001,29
10,409,2,Outbound,6002,29
7,41,1,Outbound,4102,4
13,410,2,Outbound,4404,71
13,411,2,Outbound,4401,44
13,412,2,Outbound,4403,44
7,42,1,Outbound,4103,4
13,420,2,Outbound,6201,44
13,421,2,Outbound,6203,44
13,422,2,Outbound,4404,44
14,423,2,Outbound,4405,49
14,424,2,Outbound,4402,49
14,425,2,Outbound,4404,49
7,43,1,Outbound,4104,4
14,432,2,Outbound,4404,49
14,433,2,Outbound,6202,49
14,434,2,Outbound,6204,49
14,435,2,Outbound,6001,49
14,436,2,Outbound,6203,49
14,437,2,Outbound,4404,49
14,438,3,Outbound,4404,49
14,439,3,Outbound,4401,49
7,44,1,Outbound,4101,4
14,440,3,Outbound,4402,49
14,441,3,Outbound,4403,49
14,442,3,Outbound,4404,49
14,443,3,Outbound,4401,49
14,444,3,Outbound,4402,49
14,445,3,Outbound,4403,49
14,446,3,Outbound,4404,49
14,447,3,Outbound,4401,49
14,448,3,Outbound,4402,49
2,449,1,Outbound,6604,33
7,45,1,Outbound,4102,4
2,450,1,Outbound,6604,33
2,451,1,Outbound,6604,33
2,452,2,Outbound,1201,33
2,453,2,Outbound,1202,33
2,454,2,Outbound,1201,33
2,455,2,Outbound,1202,33
2,456,2,Outbound,1201,33
2,457,2,Outbound,1202,33
2,458,2,Outbound,1201,33
2,459,2,Outbound,1202,33
7,46,1,Outbound,4103,4
2,460,2,Outbound,1201,33
2,461,2,Outbound,1202,33
2,462,2,Outbound,1201,33
2,463,2,Outbound,1202,33
2,464,2,Outbound,6403,33
2,465,2,Outbound,6403,33
2,466,2,Outbound,6403,33
29,467,1,Outbound,4407,61
29,468,1,Outbound,4407,61
29,469,1,Outbound,6202,61
7,47,1,Outbound,4104,4
29,470,1,Outbound,6204,61
29,471,1,Outbound,4402,61
29,472,1,Outbound,4404,61
29,473,1,Outbound,4406,61
29,474,1,Outbound,6201,61
29,475,1,Outbound,6203,61
29,476,1,Outbound,4401,61
29,477,1,Outbound,4403,61
29,478,1,Outbound,4405,61
29,479,1,Outbound,4407,61
7,48,1,Outbound,4101,4
29,480,1,Inbound,4407,57
29,481,1,Inbound,4407,57
29,482,1,Inbound,6202,57
29,483,1,Inbound,6204,57
29,484,1,Inbound,4402,57
29,485,1,Inbound,4404,57
29,486,1,Inbound,4406,57
29,487,1,Inbound,6201,57
29,488,1,Inbound,6203,57
29,489,1,Inbound,4401,57
7,49,1,Outbound,4102,4
29,490,1,Inbound,4403,57
29,491,1,Inbound,4405,57
29,492,1,Inbound,4407,57
10,493,2,Inbound,6003,7
10,494,2,Inbound,6001,7
10,495,2,Inbound,6002,7
10,496,2,Inbound,6003,7
10,497,2,Inbound,6001,7
10,498,2,Inbound,6002,7
10,499,2,Inbound,6003,7
2,5,1,Outbound,6605,33
7,50,1,Outbound,4103,4
10,500,2,Inbound,6001,7
10,501,2,Inbound,6002,7
10,502,2,Inbound,6003,7
10,503,2,Inbound,6001,7
10,504,2,Inbound,6002,7
12,505,2,Outbound,6002,21
12,506,2,Outbound,6003,21
12,507,2,Outbound,6001,21
12,508,2,Outbound,6002,21
12,509,2,Outbound,6003,21
7,51,1,Outbound,4104,4
12,510,2,Outbound,6001,21
12,511,2,Outbound,6002,21
12,512,2,Outbound,6003,21
12,513,2,Outbound,6001,21
12,514,2,Outbound,6002,21
12,515,2,Outbound,6003,21
12,516,2,Inbound,6001,26
12,517,2,Inbound,6002,25
12,518,2,Inbound,6003,25
12,519,2,Inbound,6001,25
7,52,1,Outbound,4101,4
12,520,2,Inbound,6002,25
12,521,2,Inbound,6003,25
12,522,2,Inbound,6001,25
12,523,2,Inbound,6002,25
12,524,2,Inbound,6003,25
12,525,2,Inbound,6001,25
12,526,2,Inbound,6002,25
12,527,2,Inbound,6003,25
16,528,1,Outbound,6605,43
16,529,1,Outbound,6602,43
7,53,1,Outbound,4102,4
16,530,1,Outbound,6604,43
16,531,1,Outbound,6601,43
16,532,1,Outbound,6603,43
16,533,1,Outbound,6605,43
16,534,1,Outbound,6602,43
16,535,1,Outbound,6604,43
16,536,1,Outbound,6601,43
16,537,1,Outbound,6603,43
16,538,1,Outbound,6605,43
16,539,1,Outbound,6602,43
7,54,1,Outbound,4101,4
16,540,1,Outbound,6604,43
16,541,1,Outbound,6601,43
16,542,2,Outbound,6602,15
16,543,2,Outbound,6603,15
16,544,2,Outbound,6604,15
16,545,2,Outbound,6605,15
16,546,2,Outbound,6601,15
16,547,2,Outbound,6602,15
16,548,2,Outbound,6603,15
16,549,2,Outbound,6604,15
7,55,1,Outbound,4102,4
16,550,2,Outbound,6605,15
16,551,2,Outbound,6601,15
16,552,2,Outbound,6602,15
16,553,2,Outbound,6603,15
16,554,2,Outbound,6604,15
16,555,2,Outbound,6605,15
16,556,2,Outbound,6601,15
16,557,2,Outbound,6602,15
16,558,2,Outbound,6603,15
16,559,2,Outbound,6604,15
7,56,1,Outbound,4101,4
16,560,2,Outbound,6605,15
16,561,2,Outbound,6601,15
16,562,2,Outbound,6602,15
16,563,2,Outbound,6603,15
16,564,2,Outbound,6604,15
16,565,2,Outbound,6605,15
16,566,2,Outbound,6601,15
16,567,2,Outbound,6603,15
16,568,2,Outbound,6603,15
16,569,3,Outbound,6603,15
7,57,1,Outbound,4102,4
16,570,3,Outbound,6604,15
16,571,3,Outbound,6601,15
16,572,3,Outbound,6602,15
16,573,3,Outbound,6603,15
16,574,3,Outbound,6604,15
16,575,3,Outbound,6601,15
16,576,3,Outbound,6602,15
16,577,3,Outbound,6603,15
16,578,3,Outbound,6604,15
16,579,3,Outbound,6601,15
7,58,1,Outbound,4101,4
16,580,3,Outbound,6602,15
16,581,3,Outbound,6603,15
16,582,3,Outbound,6604,15
16,583,3,Outbound,6601,15
16,584,3,Outbound,6602,15
16,585,3,Outbound,6603,15
16,586,3,Outbound,6604,15
16,587,3,Outbound,6601,15
16,588,3,Outbound,6602,15
16,589,3,Outbound,6603,15
7,59,1,Outbound,4101,4
23,590,3,Inbound,9901,27
23,591,3,Inbound,9901,27
23,592,3,Inbound,9901,27
23,593,3,Inbound,9901,27
11,594,1,Outbound,9401,2
11,595,1,Outbound,9405,2
11,596,1,Outbound,9402,2
11,597,1,Outbound,9405,2
11,598,1,Outbound,9403,2
11,599,1,Outbound,9404,2
2,6,1,Outbound,6601,33
7,60,1,Outbound,4101,4
11,600,1,Outbound,9405,2
11,601,1,Outbound,9401,2
11,602,1,Outbound,9405,2
11,603,1,Outbound,9402,2
11,604,1,Outbound,9405,2
11,605,1,Outbound,9403,2
11,606,1,Outbound,9404,2
11,607,1,Outbound,9403,2
11,608,1,Outbound,9401,2
11,609,1,Outbound,9403,2
7,61,1,Outbound,4101,4
11,610,1,Outbound,9402,2
11,611,1,Outbound,9405,2
11,612,1,Outbound,9402,2
11,613,1,Outbound,9404,2
11,614,1,Outbound,9402,2
11,615,1,Outbound,9401,2
11,616,1,Outbound,9403,2
11,617,1,Outbound,9401,2
11,618,1,Outbound,9405,2
11,619,1,Outbound,9401,2
7,62,1,Inbound,4101,0
11,620,1,Outbound,9404,2
23,621,2,Inbound,9901,27
23,622,2,Inbound,9901,27
23,623,2,Inbound,9901,27
23,624,2,Inbound,9901,27
23,625,2,Inbound,9901,27
7,63,1,Inbound,4102,0
7,64,1,Inbound,4103,0
7,65,1,Inbound,4104,0
7,66,1,Inbound,4101,0
7,67,1,Inbound,4102,0
7,68,1,Inbound,4103,0
33,687,3,Outbound,6601,24
33,688,3,Outbound,6602,24
33,689,3,Outbound,6603,24
7,69,1,Inbound,4104,0
33,690,3,Outbound,6604,24
33,691,3,Outbound,6601,24
33,692,3,Outbound,6602,24
33,693,3,Outbound,6603,24
33,694,3,Outbound,6604,24
33,695,3,Outbound,6601,24
33,696,3,Outbound,6602,24
33,697,3,Outbound,6603,24
33,698,3,Outbound,6604,24
33,699,3,Outbound,6601,24
2,7,1,Outbound,6602,33
7,70,1,Inbound,4101,0
33,700,3,Outbound,6602,24
33,701,3,Outbound,6603,24
33,702,3,Outbound,6604,24
33,703,3,Outbound,6601,24
33,704,3,Outbound,6602,24
33,705,3,Outbound,6603,24
33,706,3,Outbound,6604,24
33,707,3,Outbound,6601,24
33,708,3,Inbound,6601,81
33,709,3,Inbound,6602,81
7,71,1,Inbound,4102,0
33,710,3,Inbound,6603,81
33,711,3,Inbound,6604,81
33,712,3,Inbound,6601,81
33,713,3,Inbound,6602,81
33,714,3,Inbound,6603,81
33,715,3,Inbound,6604,81
33,716,3,Inbound,6601,81
33,717,3,Inbound,6602,81
33,718,3,Inbound,6603,81
33,719,3,Inbound,6604,81
7,72,1,Inbound,4103,0
33,720,3,Inbound,6601,81
33,721,3,Inbound,6602,81
33,722,3,Inbound,6603,81
33,723,3,Inbound,6604,81
33,724,3,Inbound,6601,81
33,725,3,Inbound,6602,81
33,726,3,Inbound,6603,81
33,727,3,Inbound,6604,81
7,73,1,Inbound,4104,0
7,74,1,Inbound,4101,0
7,75,1,Inbound,4102,0
7,76,1,Inbound,4103,0
7,77,1,Inbound,4104,0
7,78,1,Inbound,4101,0
7,79,1,Inbound,4102,0
2,8,1,Outbound,6603,33
7,80,1,Inbound,4103,0
7,81,1,Inbound,4104,0
7,82,1,Inbound,4101,0
7,83,1,Inbound,4102,0
7,84,1,Inbound,4103,0
1,844,3,Outbound,6402,35
2,845,3,Outbound,1201,33
7,846,3,Outbound,4102,4
7,847,3,Outbound,4101,4
7,848,3,Outbound,4102,4
7,849,3,Inbound,4102,0
7,85,1,Inbound,4104,0
7,850,3,Inbound,4101,0
7,851,3,Inbound,4102,0
29,852,1,Outbound,4406,61
29,853,1,Outbound,6201,61
29,854,1,Outbound,6203,61
29,855,1,Outbound,4401,61
29,856,1,Outbound,4403,61
29,857,1,Outbound,4405,61
29,858,1,Outbound,4407,61
29,859,1,Outbound,6202,61
7,86,1,Inbound,4101,0
29,860,1,Outbound,6204,61
29,861,1,Outbound,4402,61
29,862,1,Outbound,4404,61
29,863,1,Outbound,4406,61
29,864,1,Outbound,6201,61
29,865,1,Inbound,4406,57
29,866,1,Inbound,6201,57
29,867,1,Inbound,6203,57
29,868,1,Inbound,4401,57
29,869,1,Inbound,4403,57
7,87,1,Inbound,4102,0
29,870,1,Inbound,4405,57
29,871,1,Inbound,4407,57
29,872,1,Inbound,6202,57
29,873,1,Inbound,6204,57
29,874,1,Inbound,4402,57
29,875,1,Inbound,4404,57
29,876,1,Inbound,4406,57
29,877,1,Inbound,6201,57
8,878,2,Outbound,4403,9
8,879,2,Outbound,4405,9
7,88,1,Inbound,4101,0
8,880,2,Outbound,4402,9
8,881,2,Outbound,4404,9
8,882,2,Outbound,6202,9
8,883,2,Outbound,6204,9
8,884,2,Outbound,4401,9
8,885,2,Outbound,4403,9
8,886,2,Outbound,6201,9
8,887,2,Outbound,6203,9
8,888,2,Outbound,4404,9
8,889,2,Outbound,6202,9
7,89,1,Inbound,4102,0
8,890,2,Inbound,4403,34
8,891,2,Inbound,4405,34
8,892,2,Inbound,4402,34
8,893,2,Inbound,4404,34
8,894,2,Inbound,6202,34
8,895,2,Inbound,6204,34
8,896,2,Inbound,4401,34
8,897,2,Inbound,4403,34
8,898,2,Inbound,6201,34
8,899,2,Inbound,6203,34
2,9,1,Outbound,6604,33
7,90,1,Inbound,4101,0
8,900,2,Inbound,4404,34
8,901,2,Inbound,6202,34
8,902,3,Outbound,4401,9
8,903,3,Outbound,4404,9
8,904,3,Inbound,4404,34
10,905,1,Outbound,6803,29
10,906,1,Outbound,6811,29
10,907,1,Outbound,6801,29
10,908,1,Outbound,6812,29
10,909,1,Outbound,6802,29
7,91,1,Inbound,4102,0
10,910,1,Outbound,6804,29
10,911,1,Outbound,6803,29
10,912,1,Outbound,6804,29
10,913,1,Outbound,6801,29
10,914,1,Outbound,6804,29
10,915,1,Outbound,6802,29
10,916,1,Outbound,6804,29
10,917,1,Outbound,6803,29
10,918,1,Outbound,6804,29
10,919,1,Outbound,6801,29
7,92,1,Inbound,4101,0
10,920,1,Outbound,6804,29
10,921,1,Outbound,6802,29
10,922,1,Outbound,6804,29
10,923,1,Outbound,6803,29
10,924,1,Outbound,6822,29
10,925,1,Outbound,6801,29
10,926,1,Outbound,6821,29
10,927,1,Outbound,6802,29
10,928,1,Outbound,6804,29
10,929,1,Outbound,6803,29
7,93,1,Inbound,4101,0
10,930,1,Outbound,6804,29
10,931,1,Inbound,6804,7
10,932,1,Inbound,6803,7
10,933,1,Inbound,6811,7
10,934,1,Inbound,6801,7
10,935,1,Inbound,6812,7
10,936,1,Inbound,6802,7
10,937,1,Inbound,6804,7
10,938,1,Inbound,6803,7
10,939,1,Inbound,6804,7
7,94,1,Inbound,4101,0
10,940,1,Inbound,6801,7
10,941,1,Inbound,6804,7
10,942,1,Inbound,6802,7
10,943,1,Inbound,6804,7
10,944,1,Inbound,6803,7
10,945,1,Inbound,6804,7
10,946,1,Inbound,6801,7
10,947,1,Inbound,6804,7
10,948,1,Inbound,6802,7
10,949,1,Inbound,6804,7
8,95,1,Outbound,4405,9
10,950,1,Inbound,6803,7
10,951,1,Inbound,6822,7
10,952,1,Inbound,6801,7
10,953,1,Inbound,6821,7
10,954,1,Inbound,6802,7
10,955,1,Inbound,6804,7
10,956,1,Inbound,6803,7
10,957,1,Inbound,6804,7
33,958,3,Outbound,6602,24
33,959,3,Outbound,6603,24
8,96,1,Outbound,4401,9
33,960,3,Inbound,6601,81
33,961,3,Inbound,6602,81
33,962,3,Inbound,6603,81
13,963,1,Outbound,4401,72
13,964,1,Outbound,4403,72
13,965,1,Outbound,4405,72
13,966,1,Outbound,4407,72
13,967,1,Outbound,6202,72
13,968,1,Outbound,6204,72
13,969,1,Outbound,4402,72
8,97,1,Outbound,4402,9
13,970,1,Outbound,4404,72
13,971,1,Outbound,4402,72
13,972,1,Outbound,4404,72
13,973,1,Outbound,4406,72
13,974,1,Outbound,6201,72
13,975,1,Outbound,6203,72
13,976,1,Outbound,4401,72
13,977,1,Outbound,4403,72
13,978,1,Outbound,4405,72
13,979,1,Inbound,4405,63
8,98,1,Outbound,4403,9
13,980,1,Inbound,4402,63
13,981,1,Inbound,4404,63
13,982,1,Inbound,4406,63
13,983,1,Inbound,4407,63
13,984,1,Inbound,6201,63
13,985,1,Inbound,4401,63
13,986,1,Inbound,4402,63
13,987,1,Inbound,4403,63
13,988,1,Inbound,4404,63
13,989,1,Inbound,4405,63
8,99,1,Outbound,4404,9
13,990,1,Inbound,4406,63
13,991,1,Inbound,4407,63
13,992,1,Inbound,6201,63
13,993,1,Inbound,6202,63
13,994,1,Inbound,6203,63
13,995,1,Inbound,6204,63
13,996,1,Inbound,4401,63
13,997,1,Inbound,4402,63
13,998,1,Inbound,4403,63
13,999,1,Inbound,4404,63
